Time;Source;Event
